01-OPEN
03-OPEN
02-OPEN
03-03452-09: 0001 0003 0005 0007 0009                                                                                                                                                                                                                                                                                                                                                                                                                                                                                       - NST
02-03454-10: 0001 0002 0003 0004 0005 0006 0007 0008 0009 0010                                                                                                                                                                                                                                                                                                                                                                                                                                                              - 0001 0002 0003 0004 0005 0006 0007 0008 0009 0099 
01-03454-10: 0001 0002 0003 0004 0005 0006 0007 0008 0009 0010                                                                                                                                                                                                                                                                                                                                                                                                                                                              - NAV
03-03454-10: 0001 0002 0003 0004 0005 0006 0007 0008 0009 0010                                                                                                                                                                                                                                                                                                                                                                                                                                                              - NAV
03-CLOSED
01-CLOSED
02-CLOSED
SERVER CLOSED